50_xc_cosine<=0.00022346407786244527:M|0.0|1.0|0.0
50_xc_cosine>0.5072918683290482:U|1.0|0.0|0.0
50_xc_mahalanobis<=0.052669964730739594:U|1.0|0.0|0.0
50_xc_hamming>0.8333333432674408:U|1.0|0.0|0.0
50_x4_cosine>0.4499194920063019:U|1.0|0.0|0.0
50_x4_mahalanobis>72.50705337524414:U|1.0|0.0|0.0
50_x4_hamming>0.8333333432674408:U|1.0|0.0|0.0
50_bay_cosine>0.2855025827884674:U|0.050182048440715527|0.0009498179515592845|0.03646157827641398
50_bay_mahalanobis>167.5262680053711:U|1.0|0.0|0.0
50_bay_hamming>0.8333333432674408:U|1.0|0.0|0.0
50_moe_cosine>0.03156048618257046:U|0.0009999508472701803|4.9152729819732364e-05|0.08931400311690112
50_moe_cosine>0.04605536162853241:U|0.0985576923076923|0.0009014423076923077|0.017962596179297262
50_moe_mahalanobis>148.47003936767578:U|1.0|0.0|0.0
50_moe_hamming>0.8333333432674408:U|1.0|0.0|0.0
